  0   32 129   LDA 129
  2   96       NOT
  3   48 133   ADD 133
  5   48 128   ADD 128
  7  144  15   JN  15
  9   32 128   LDA 128
 11   16 132   STA 132
 13  128  19   JMP 19
 15   32 129   LDA 129
 17   16 132   STA 132
 19   32 130   LDA 130
 21   96       NOT
 22   48 133   ADD 133
 24   48 132   ADD 132
 26  144  34   JN  34
 28   32 132   LDA 132
 30   16 131   STA 131
 32  128  38   JMP 38
 34   32 130   LDA 130
 36   16 131   STA 131
 38   32 255   LDA 255
 40   16 132   STA 132
 42  240       HLT

128   40      
129   50      
130   40      
131    0      
132    0      
133    1      
